start
file_1.csv
File contains: 32767bytes
Sample Number,Unixtime,Temperature (C),Accel X,AccelY,Accel Z,Motor,Voltage (V)
1,15567132229,1556713227
30,1556713229
31,1556713230
32,155671323133,1556713232
34,15046
84,155671404785,1556714048
86,1556714050
87,1556714051
88,155671405289,1556714053
90,15088
135,1556714088136,1556714089
137,1556714089
138,1556714089
139,1556714089
140,15567140896714094
184,1556714094
185,1556714095186,1556714095
187,1556714095
188,1556714095
189,15567146714100
229,1556714100
230,1556714100231,1556714100
232,1556714100
233,1556714100
234,1556714,1556714106
278,1556714106
279,1556714106
280,1556714106281,1556714106
282,1556714106
283,1556714111
324,1556714112
325,1556714112326,1556714112
327,1556714112
328,1556714112
329,1556714,1556714117
373,1556714117
374,1556714118
375,1556714118376,1556714118
377,1556714118
378,155123
420,1556714123421,1556714123
422,1556714123
423,1556714124
424,1556714124
425,1556714124,1556714129
468,1556714129
469,1556714129
470,1556714129471,1556714129
472,1556714129
473,1556714134
514,1556714135
515,1556714135516,1556714135
517,1556714135
518,1556714135
519,1556714140
560,1556714140561,1556714140
562,1556714141
563,1556714141
564,1556714141
565,15567141416714146
609,1556714146
610,1556714146611,1556714147
612,1556714147
613,1556714147
614,1556714152
655,1556714152656,1556714152
657,1556714152
658,1556714152
659,1556714153
660,1556714153,1556714158
703,1556714158
704,1556714158
705,1556714158706,1556714158
707,1556714158
708,1556714163
749,1556714164
750,1556714164751,1556714164
752,1556714164
753,1556714164
754,1556714,1556714170
798,1556714170
799,1556714170
800,1556714170801,1556714170
802,1556714170
803,1556714175
844,1556714175
845,1556714175846,1556714176
847,1556714176
848,1556714176
849,1556714,1556714181
893,1556714181
894,1556714182
895,1556714182896,1556714182
897,1556714182
898,1556714437
939,1556714438
940,1556714439941,1556714441
942,1556714442
943,1556714443
944,1556714,1556714492
988,1556714493
989,1556714494
990,1556714496991,1556714497
992,1556714498
993,1555,0.02,-0.99,ON,1.8514522,28.87,-0.16,0.02,-0.99,ON,1.85
1029,1556714522,28.87,-0.16,0.03,-0.99,ON,02,-0.99,ON,1.85
1044,1556714522,28.87,-0.16,0.03,-0.99,ON,1.85
1045,1556714522,28.87,-0.16,0.03,-1.85
1060,1556714523,28.87,-0.16,0.03,-0.99,ON,1.85
1061,1556714523,28.87,-0.16,0.02,-0.99,ON,1.851.85
1075,1556714523,28.87,-0.16,0.02,-0.99,ON,1.85
1076,1556714523,28.87,-0.16,0.03,-1.00,ON,1.85-0.98,ON,1.85
1091,1556714631,28.94,-0.16,0.02,-0.99,ON,1.85
1092,1556714632,28.94,-0.16,0.02,-0.91556714633,28.94,-0.16,0.02,-0.99,ON,1.85
1107,1556714633,28.94,-0.16,0.02,-0.99,ON,1.85
1108,155633,29.00,-0.16,0.02,-0.99,ON,1.85
1121,1556714633,29.00,-0.16,0.03,-0.99,ON,1.85
1122,1556714633,2-0.99,ON,1.85
1136,1556714634,29.00,-0.16,0.02,-1.00,ON,1.85
1137,1556714634,29.00,-0.16,0.02,-0.9,1.85
1150,1556714634,28.94,-0.16,0.02,-0.99,ON,1.85
1151,1556714634,28.94,-0.16,0.02,-0.99,ON,1.8,1.85
1165,1556714635,28.94,-0.16,0.02,-0.99,ON,1.85
1166,1556714635,28.94,-0.16,0.02,-1.00,ON,1.8,1.85
1180,1556714635,28.94,-0.16,0.02,-0.99,ON,1.85
1181,1556714635,28.94,-0.16,0.02,-0.99,ON,1.8.03,-0.99,ON,1.85
1194,1556714636,28.94,-0.15,0.02,-0.99,ON,1.85
1195,1556714636,28.94,-0.16,0.02,.03,-0.99,ON,1.85
1209,1556714636,29.00,-0.16,0.02,-0.99,ON,1.85
1210,1556714636,29.00,-0.16,0.02,.03,-0.99,ON,1.85
1224,1556714637,29.00,-0.15,0.03,-0.99,ON,1.85
1225,1556714637,29.00,-0.16,0.03,9,ON,1.85
1238,1556714637,29.00,-0.16,0.02,-0.99,ON,1.85
1239,1556714637,29.00,-0.16,0.02,-0.99,ON714638,28.94,-0.16,0.02,-0.99,ON,1.85
1254,1556714638,28.94,-0.16,0.02,-0.99,ON,1.85
1255,155671468.94,-0.16,0.02,-1.00,ON,1.85
1268,1556714638,28.94,-0.16,0.02,-0.98,ON,1.85
1269,1556714638,28.949,ON,1.85
1283,1556714639,28.94,-0.17,0.02,-1.00,ON,1.85
1284,1556714639,28.94,-0.16,0.02,-0.99,ON9,ON,1.85
1298,1556714639,28.94,-0.17,0.02,-1.00,ON,1.85
1299,1556714639,28.94,-0.15,0.02,-0.98,ON5
1312,1556714640,28.94,-0.16,0.02,-0.95
1342,1556714641,28.94,-0.16,0.02,-1.00,ON,1.85
1343,1556714641,28.94,-0.16,0.02,-0.99,ON,1.85
11556714641,28.94,-0.16,0.02,-0.99,ON,1.85
1357,1556714641,28.94,-0.15,0.03,-0.99,ON,1.85
1358,15561556714642,28.94,-0.16,0.02,-0.99,ON,1.85
1372,1556714642,28.94,-0.16,0.03,-0.99,ON,1.85
1373,155642,29.00,-0.16,0.02,-0.99,ON,1.85
1386,1556714642,29.00,-0.16,0.02,-0.99,ON,1.85
1387,1556714642,243,29.00,-0.16,0.02,-0.99,ON,1.85
1401,1556714643,29.00,-0.16,0.02,-0.99,ON,1.85
1402,1556714643,2-1.00,ON,1.85
1416,1556714643,29.00,-0.16,0.02,-0.99,ON,1.85
1417,1556714643,29.00,-0.15,0.03,-0.9,1.85
1430,1556714644,28.94,-0.16,0.02,-0.99,ON,1.85
1431,1556714644,28.94,-0.16,0.02,-1.00,ON,1.8,1.85
1445,1556714644,28.94,-0.15,0.03,-0.99,ON,1.85
1446,1556714644,28.94,-0.16,0.03,-0.99,ON,1.8459,1556714645,29.00,-0.16,0.02,-0.99,ON,1.85
1460,1556714645,29.00,-0.16,0.03,-0.99,ON,1.85
1461,,-0.16,0.02,-0.99,ON,1.85
1475,1556714645,29.00,-0.16,0.02,-0.99,ON,1.85
1476,1556714645,29.00,-0.,-0.16,0.02,-0.99,ON504,1556714646,28.94,-0.16,0.02,-0.99,ON,1.85
1505,1556714646,28.94,-0.16,0.02,519,1556714647,29.00,-0.16,0.03,-1.00,ON,1.85
1520,1556714647,29.00,-0.15,0.03,-0.99,ON,1.85
1521,9,ON,1.85
1533,1556714647,29.00,-0.16,0.02,-0.99,ON,1.85
1534,1556714647,29.00,-0.16,0.02,-0.99,ON8.94,-0.16,0.02,-0.99,ON,1.85
1548,1556714648,28.94,-0.17,0.02,-1.00,ON,1.85
1549,1556714648,28.940,ON,1.85
1563,1556714648,29.00,-0.16,0.02,-0.99,ON,1.85
1564,1556714648,29.00,-0.15,0.02,-0.99,ON5
1577,1556714649,28.94,-0.16,0.03,-0.98,ON,1.85
1578,1556714649,28.94,-0.15,0.02,-0.97,ON,1.85
15
1592,1556714649,29.00,-0.16,0.03,-0.99,ON,1.85
1593,1556714649,29.00,-0.16,0.01,-0.99,ON,1.85
19.00,-0.15,0.01,-0.99,ON,1.85
1608,1556714650,29.00,-0.16,0.02,-1.00,ON,1.85
1609,1556714650,29.0015,0.03,-1.00,ON,1.85
1622,1556714650,29.00,-0.16,0.03,-0.99,ON,1.85
1623,1556714650,29.00,-0.17,016,0.02,-1.00,ON,1.85
1637,1556714651,29.00,-0.17,0.02,-0.99,ON,1.85
1638,1556714651,29.00,-0.17,01556714651,29.00,-0.16,0.02,-0.99,ON,1.85
1652,1556714651,29.00,-0.16,0.03,-1.00,ON,1.85
1653,15561556714652,29.00,-0.16,0.02,-1.00,ON,1.85
1667,1556714652,29.00,-0.16,0.02,-0.99,ON,1.85
1668,15561556714652,28.94,-0.16,0.02,-0.99,ON,1.85
1682,1556714652,28.94,-0.16,0.03,-1.00,ON,1.85
1683,1556,-0.16,0.03,-0.99,ON,1.85
1695,1556714653,28.94,-0.16,0.02,-0.99,ON,1.85
1696,1556714653,29.00,-0.,-0.15,0.03,-1.00,ON,1.85
1710,1556714653,29.00,-0.16,0.02,-0.99,ON,1.85
1711,1556714653,29.00,-0.,-0.16,0.02,-1.00,ON,1.85
1725,1556714654,28.94,-0.16,0.02,-0.99,ON,1.85
1726,1556714654,29.00,-0.739,1556714654,29.00,-0.16,0.02,-1.00,ON,1.85
1740,1556714654,29.00,-0.16,0.03,-0.99,ON,1.85
1741,754,1556714655,28.94,-0.16,0.02,-0.99,ON,1.85
1755,1556714655,28.94,-0.16,0.02,-0.99,ON,1.85
1756,.02,-0.99,ON,1.85
1769,1556714655,29.00,-0.16,0.02,-0.99,ON,1.85
1770,1556714655,29.00,-0.16,0.02,.02,-0.99,ON,1.85
1784,1556714656,29.00,-0.16,0.02,-1.00,ON,1.85
1785,1556714656,29.00,-0.16,0.03,.03,-1.00,ON,1.85
1799,1556714656,28.94,-0.16,0.02,-0.99,ON,1.85
1800,1556714656,28.94,-0.16,0.03,714657,28.94,-0.16,0.02,-0.99,ON,1.85
1814,1556714657,28.94,-0.16,0.02,-0.99,ON,1.85
1815,15567146714657,29.00,-0.16,0.02,-0.99,ON,1.85
1829,1556714657,29.00,-0.16,0.02,-0.99,ON,1.85
1830,155671469.00,-0.16,0.02,-0.99,ON,1.85
1843,1556714658,29.00,-0.16,0.02,-0.99,ON,1.85
1844,1556714658,29.009,ON,1.85
1858,1556714658,28.94,-0.16,0.02,-0.99,ON,1.85
1859,1556714658,28.94,-0.15,0.02,-0.99,ON5
1872,1556714659,29.00,-0.16,0.02,-0.99,ON,1.85
1873,1556714659,29.00,-0.16,0.02,-0.99,ON,1.85
1886,1556714659,28.94,-0.44,0.15,-1.34,ON,1.85
1887,1556714659,28.94,-0.15,0.02,-1.03,ON,1.85
1888,85
1901,1556714660,29.00,-0.16,0.03,-0.99,ON,1.85
1902,1556714660,29.00,-0.18,0.04,-1.00,ON,1.8529.00,-0.16,0.02,-0.99,ON,1.85
1917,1556714660,28.94,-0.16,0.03,-0.99,ON,1.851918,1556714660,28.9.16,0.02,-1.00,ON,1.85
1931,1556714661,28.94,-0.16,0.02,-0.99,ON,1.85
1932,1556714661,28.94,-0.16,.16,0.02,-0.99,ON,1.85
1946,1556714661,28.94,-0.16,0.02,-0.99,ON,1.85
1947,1556714661,28.94,-0.16,,-0.99,ON,1.85
1960,1556714662,28.94,-0.16,0.02,-0.98,ON,1.85
1961,1556714662,28.94,-0.16,0.03,-1.,1556714662,28.94,-0.16,0.02,-0.99,ON,1.85
1976,1556714662,28.94,-0.15,0.02,-0.99,ON,1.85
1977,155,1556714663,28.94,-0.16,0.03,-0.99,ON,1.85
1991,1556714663,28.94,-0.16,0.02,-1.00,ON,1.85
1992,155,-0.99,ON,1.85
2005,1556714663,28.94,-0.16,0.02,-0.99,ON,1.85
2006,1556714663,28.94,-0.16,0.03,-0.,-1.00,ON,1.85
2020,1556714664,28.87,-0.15,0.02,-0.99,ON,1.85
2021,1556714664,28.87,-0.16,0.02,-0.N,1.85
2034,1556714664,28.94,-0.15,0.03,-1.00,ON,1.85
2035,1556714664,28.94,-0.16,0.02,-0.99,ON,1.2048,1556714665,28.87,-0.16,0.03,-0.99,ON,1.85
2049,1556714665,28.87,-0.16,0.02,-1.00,ON,1.85
20502063,1556714665,28.94,-0.16,0.03,-0.98,ON,1.85
2064,1556714665,28.94,-0.16,0.03,-0.99,ON,1.85
20650.02,-0.99,ON,1.852078,1556714666,28.94,-0.16,0.02,-1.00,ON,1.85
2079,1556714666,28.94,-0.16,0.020.02,-0.98,ON,1.852093,1556714666,28.94,-0.16,0.03,-0.99,ON,1.85
2094,1556714666,28.94,-0.16,0.020.03,-0.99,ON,1.852108,1556714667,28.94,-0.15,0.03,-0.98,ON,1.85
2109,1556714667,28.94,-0.15,0.0400,ON,1.85
2122,1556714667,28.87,-0.16,0.04,-1.00,ON,1.852123,1556714667,28.87,-0.16,0.02,-0.98,O6714668,28.87,-0.15,0.02,-0.99,ON,1.852138,1556714668,28.87,-0.16,0.03,-0.99,ON,1.85
2139,155671428.87,-0.15,0.02,-0.99,ON,1.85
2152,1556714668,28.87,-0.16,0.02,-0.99,ON,1.852153,1556714668,28.800,ON,1.85
2167,1556714669,28.87,-0.16,0.02,-0.99,ON,1.852168,1556714669,28.87,-0.16,0.02,-0.99,O98,ON,1.85
2182,1556714669,28.87,-0.16,0.03,-0.98,ON,1.852183,1556714669,28.87,-0.15,0.03,-0.99,O85
2196,1556714670,28.94,-0.16,0.03,-0.99,ON,1.85
2197,1556714670,28.94,-0.16,0.02,-0.99,ON,1.85,1556714670,28.87,-0.16,0.02,-0.99,ON,1.85
2211,1556714670,28.87,-0.16,0.03,-0.99,ON,1.85
2212,155,1556714671,28.87,-0.15,0.02,-0.99,ON,1.85
2226,1556714671,28.87,-0.16,0.03,-1.00,ON,1.85
2227,155,-1.00,ON,1.85
2240,1556714671,28.87,-0.16,0.02,-1.00,ON,1.85
2241,1556714671,28.87,-0.16,0.03,-0.,-1.00,ON,1.85
2255,1556714672,28.94,-0.16,0.02,-0.99,ON,1.85
2256,1556714672,28.94,-0.16,0.02,-0.N,1.85
2269,1556714672,28.87,-0.16,0.02,-1.00,ON,1.85
2270,1556714672,28.87,-0.16,0.02,-0.99,ON,1.673,28.87,-0.16,0.03,-0.99,ON,1.85
2285,1556714673,28.87,-0.16,0.03,-0.99,ON,1.85
2286,1556714673,673,28.87,-0.16,0.02,-0.99,ON,1.85
2300,1556714673,28.87,-0.16,0.02,-0.99,ON,1.85
2301,1556714673,4,-0.16,0.02,-1.00,ON,1.85
2314,1556714674,28.87,-0.16,0.02,-0.99,ON,1.85
2315,1556714674,28.87,-0N,1.85
2329,1556714674,28.87,-0.16,0.03,-0.99,ON,1.85
2330,1556714674,28.87,-0.16,0.02,-1.00,ON,1.7,-0.16,0.02,-1.00,ON,1.85
2344,1556714675,28.87,-0.16,0.02,-0.99,ON,1.85
2345,1556714675,28.87,-02358,1556714675,28.87,-0.16,0.03,-0.99,ON,1.85
2359,1556714675,28.87,-0.16,0.02,-0.99,ON,1.85
23602373,1556714676,28.87,-0.16,0.03,-0.99,ON,1.85
2374,1556714676,28.87,-0.17,0.02,-0.99,ON,1.85
237500,ON,1.85
2387,1556714676,28.94,-0.16,0.02,-0.99,ON,1.852388,1556714676,28.94,-0.16,0.02,-0.99,O99,ON,1.85
2402,1556714677,28.87,-0.16,0.02,-0.99,ON,1.852403,1556714677,28.87,-0.16,0.03,-0.99,O